$ 1 0.000005 75.37042125545614 55 5 50 5e-11
409 240 192 368 192 1 0.6 -21.450995969667737 0.0231 0
409 240 320 368 320 1 0.6 -7.368073819854111 0.0231 0
g 144 336 144 368 0 0
R 304 112 304 64 0 0 40 15 0 0 0.5
R 304 352 304 400 0 0 40 -15 0 0 0.5
w 304 160 352 160 0
w 352 160 352 256 0
w 304 256 352 256 0
w 304 224 288 224 0
w 288 224 288 352 0
w 288 352 304 352 0
174 144 240 176 192 1 50000 0.2822 Resistance
174 448 224 496 256 1 50000 0.5 Resistance
174 448 192 512 160 1 10000 0.33170000000000005 Resistance
r 144 176 144 112 0 160000
r 144 240 144 320 0 10000
w 368 192 448 192 0
w 448 192 448 224 0
368 368 192 368 224 0 0
w 480 160 480 144 0
w 480 144 240 144 0
w 240 144 240 176 0
w 480 272 240 272 0
w 240 304 240 272 0
w 304 256 304 288 0
w 480 272 480 256 0
w 512 224 512 320 0
w 512 320 368 320 0
w 176 208 240 208 0
w 144 320 144 336 0
w 144 336 240 336 0
w 144 112 272 112 0
w 304 112 304 160 0
w 304 112 272 112 0
368 512 224 560 224 0 0
r 480 80 480 144 0 1000
368 -48 480 -48 528 0 0
w -176 128 -208 128 0
w -176 128 -176 176 0
w -336 128 -208 128 0
w -336 352 -240 352 0
w -336 336 -336 352 0
w -304 224 -240 224 0
w 32 240 32 336 0
w 0 288 0 272 0
w -176 272 -176 304 0
w -240 320 -240 288 0
w 0 288 -240 288 0
w -240 160 -240 192 0
w 0 160 -240 160 0
w 0 176 0 160 0
368 -96 496 -96 528 0 0
w -32 208 -32 240 0
w -112 208 -32 208 0
r -336 256 -336 336 0 10000
r -336 192 -336 128 0 160000
174 -32 208 32 176 1 10000 0.33170000000000005 Resistance
174 -32 240 16 272 1 50000 0.5 Resistance
174 -336 256 -304 208 1 50000 0.1337 Resistance
w -192 368 -176 368 0
w -192 240 -192 368 0
w -176 240 -192 240 0
w -176 272 -128 272 0
w -128 176 -128 272 0
w -176 176 -128 176 0
R -176 368 -176 416 0 0 40 -15 0 0 0.5
R -176 128 -176 80 0 0 40 15 0 0 0.5
g -336 352 -336 384 0 0
409 -240 336 -112 336 1 0.6 -9.565304244443597 0.0231 0
409 -240 208 -112 208 1 0.6 -19.242658652223895 0.0231 0
w 0 -16 480 -16 0
r 0 96 0 160 0 1000
w 0 -16 0 96 0
w 480 -16 480 80 0
R 480 -16 480 -96 0 1 40 1.5 1.5 0 0.5
368 480 -16 512 -16 0 0
429 -64 384 -64 448 0 0 false 2
w -112 208 -112 384 0
w -96 448 -96 496 0
w -48 448 -48 480 0
w -80 448 -80 496 0
w -80 496 -96 496 0
w -128 448 -128 464 0
w -128 464 -64 464 0
w -64 464 -64 480 0
w -64 480 -48 480 0
w -112 336 -64 336 0
w -64 336 32 336 0
w -64 336 -64 384 0
o 51 128 0 4097 5 12.8 0 7 34 0 18 0 51 0 51 3 18 0 18 3
